4 0.515625 0.492188 0.617188 0.265625
4 0.640625 0.810547 0.34375 0.363281
4 0.875 0.662109 0.171875 0.371094
4 0.240234 0.759766 0.308594 0.449219
4 0.792969 0.490234 0.101562 0.097656
4 0.160156 0.529297 0.164062 0.121094
4 0.162109 0.474609 0.144531 0.074219
4 0.708984 0.445312 0.097656 0.070312
4 0.636719 0.423828 0.085938 0.074219
4 0.587891 0.402344 0.050781 0.070312
4 0.539062 0.382812 0.046875 0.054688
4 0.488281 0.367188 0.046875 0.046875
4 0.314453 0.351562 0.074219 0.03125
4 0.177734 0.375 0.050781 0.039062
4 0.166016 0.394531 0.082031 0.046875
4 0.164062 0.414062 0.101562 0.054688
4 0.158203 0.439453 0.121094 0.066406
4 0.650391 0.269531 0.121094 0.179688
4 0.796875 0.490234 0.398438 0.277344
4 0.830078 0.402344 0.332031 0.09375