4 0.462813 0.502083 0.065625 0.0825
4 0.678438 0.495 0.139375 0.1
4 0.32125 0.549167 0.11125 0.133333
4 0.334062 0.745417 0.104375 0.095833
4 0.265937 0.81625 0.346875 0.3675
4 0.627188 0.7875 0.268125 0.425
4 0.730938 0.717917 0.194375 0.4025
4 0.8275 0.50125 0.1 0.054167
4 0.826875 0.500833 0.01375 0.013333
4 0.82625 0.549167 0.1 0.055
4 0.83 0.546667 0.01125 0.015
4 0.826875 0.598333 0.10375 0.065
4 0.82875 0.597083 0.01625 0.014167
0 0.455313 0.814167 0.908125 0.371667
4 0.969375 0.45125 0.04875 0.089167
4 0.962812 0.282083 0.039375 0.020833
4 0.951562 0.309583 0.018125 0.0275
4 0.96125 0.342917 0.0375 0.0325
4 0.960625 0.38 0.03625 0.031667
4 0.990938 0.2775 0.006875 0.028333
4 0.990313 0.344167 0.008125 0.033333
4 0.990313 0.38125 0.009375 0.0325
4 0.490938 0.751667 0.535625 0.491667