4 0.492188 0.619141 0.984375 0.339844
4 0.291016 0.837891 0.558594 0.324219
4 0.785156 0.832031 0.421875 0.335938
4 0.925781 0.595703 0.140625 0.105469
4 0.644531 0.537109 0.164062 0.074219
4 0.439453 0.501953 0.136719 0.050781
4 0.314453 0.472656 0.113281 0.039062
4 0.197266 0.453125 0.097656 0.046875
4 0.136719 0.667969 0.273438 0.125
4 0.21875 0.400391 0.101562 0.066406
4 0.392578 0.427734 0.089844 0.082031
4 0.527344 0.457031 0.109375 0.125
4 0.677734 0.460938 0.121094 0.117188
4 0.814453 0.494141 0.175781 0.191406
4 0.943359 0.509766 0.105469 0.082031