0 0.744141 0.796875 0.183594 0.09375
0 0.546875 0.800781 0.164062 0.15625
0 0.550781 0.623047 0.15625 0.050781
4 0.974609 0.228516 0.050781 0.316406
4 0.789062 0.279297 0.1875 0.191406
4 0.316406 0.820312 0.28125 0.34375
4 0.820312 0.541016 0.359375 0.214844
4 0.251953 0.427734 0.488281 0.027344
4 0.318359 0.601562 0.316406 0.085938
4 0.074219 0.587891 0.140625 0.121094
4 0.064453 0.798828 0.121094 0.355469
4 0.464844 0.283203 0.0625 0.136719
4 0.867188 0.755859 0.265625 0.480469
4 0.654297 0.566406 0.042969 0.203125