4 0.845703 0.634766 0.300781 0.105469
4 0.845703 0.835938 0.308594 0.304688
4 0.152344 0.529297 0.304688 0.074219
4 0.15625 0.679688 0.3125 0.328125
4 0.214844 0.384766 0.429688 0.707031
4 0.708984 0.417969 0.574219 0.054688
4 0.591797 0.501953 0.339844 0.191406
4 0.880859 0.509766 0.238281 0.167969
4 0.652344 0.222656 0.304688 0.210938
0 0.564453 0.654297 0.277344 0.160156
4 0.476562 0.904297 0.5625 0.183594
4 0.898438 0.195312 0.1875 0.171875
4 0.052734 0.9375 0.105469 0.125
4 0.958984 0.84375 0.074219 0.304688
4 0.630859 0.880859 0.144531 0.152344