4 0.404297 0.529297 0.683594 0.441406
4 0.833984 0.263672 0.269531 0.207031
4 0.484375 0.595703 0.257812 0.496094
4 0.230469 0.361328 0.09375 0.105469
4 0.332031 0.349609 0.070312 0.113281
4 0.417969 0.333984 0.054688 0.089844
4 0.074219 0.396484 0.101562 0.144531
4 0.615234 0.521484 0.199219 0.347656
4 0.716797 0.417969 0.074219 0.179688
4 0.822266 0.384766 0.144531 0.207031
4 0.494141 0.324219 0.050781 0.078125
4 0.537109 0.310547 0.042969 0.066406
4 0.666016 0.294922 0.042969 0.042969
4 0.591797 0.300781 0.035156 0.054688
0 0.501953 0.6875 0.996094 0.617188