4 0.424583 0.550556 0.1225 0.143333
4 0.560833 0.581667 0.088333 0.147778
4 0.72375 0.621667 0.119167 0.192222
4 0.929167 0.669444 0.141667 0.225556
4 0.23375 0.816667 0.2175 0.357778
4 0.622083 0.799444 0.7575 0.361111
4 0.417917 0.863333 0.2275 0.266667
4 0.58375 0.802778 0.834167 0.39
4 0.189167 0.598333 0.368333 0.123333
4 0.82875 0.603333 0.0625 0.095556
4 0.85125 0.636667 0.029167 0.113333
4 0.924583 0.541111 0.035833 0.051111
4 0.872917 0.544444 0.150833 0.122222
4 0.099583 0.789444 0.140833 0.421111