4 0.595703 0.617188 0.808594 0.242188
4 0.287109 0.519531 0.089844 0.054688
4 0.457031 0.503906 0.09375 0.039062
4 0.591797 0.490234 0.082031 0.042969
4 0.800781 0.496094 0.0625 0.039062
4 0.939453 0.509766 0.082031 0.050781
4 0.855469 0.486328 0.046875 0.050781
4 0.904297 0.498047 0.058594 0.058594
4 0.978516 0.513672 0.042969 0.066406
4 0.175781 0.623047 0.101562 0.222656
4 0.195312 0.615234 0.046875 0.121094
4 0.259766 0.621094 0.082031 0.085938
4 0.353516 0.787109 0.261719 0.339844
4 0.623047 0.816406 0.269531 0.367188
4 0.892578 0.751953 0.207031 0.316406