4 0.6875 0.962891 0.179688 0.066406
4 0.451172 0.941406 0.160156 0.109375
4 0.257812 0.919922 0.140625 0.152344
4 0.322266 0.765625 0.136719 0.15625
4 0.53125 0.728516 0.109375 0.152344
4 0.648438 0.779297 0.101562 0.113281
4 0.957031 0.820312 0.085938 0.125
4 0.794922 0.789062 0.121094 0.117188
4 0.210938 0.746094 0.09375 0.15625
4 0.111328 0.703125 0.066406 0.078125
4 0.029297 0.691406 0.058594 0.078125
4 0.810547 0.693359 0.097656 0.058594
4 0.939453 0.705078 0.097656 0.066406
4 0.417969 0.664062 0.054688 0.046875
4 0.328125 0.658203 0.0625 0.042969
4 0.257812 0.650391 0.054688 0.042969
4 0.951172 0.650391 0.082031 0.042969
4 0.193359 0.605469 0.199219 0.039062
4 0.619141 0.664062 0.214844 0.09375
4 0.105469 0.853516 0.210938 0.269531
4 0.648438 0.890625 0.703125 0.21875
4 0.804688 0.755859 0.390625 0.089844
4 0.820312 0.634766 0.15625 0.066406
4 0.603516 0.683594 0.144531 0.085938
4 0.330078 0.742188 0.371094 0.148438