4 0.8975 0.687778 0.205 0.248889
4 0.292083 0.857778 0.110833 0.284444
4 0.707917 0.682222 0.1025 0.093333
4 0.9225 0.75 0.15 0.111111
4 0.448333 0.902222 0.13 0.184444
4 0.173333 0.072222 0.338333 0.142222
4 0.1725 0.227778 0.343333 0.12
4 0.034583 0.726667 0.065833 0.306667
4 0.267917 0.401111 0.120833 0.086667
4 0.33 0.649444 0.121667 0.041111
4 0.925833 0.228333 0.148333 0.363333
4 0.767083 0.406667 0.279167 0.677778
4 0.897917 0.565 0.204167 0.067778
4 0.0375 0.553889 0.071667 0.041111
4 0.023333 0.407222 0.043333 0.103333
4 0.321667 0.596667 0.101667 0.1
4 0.603333 0.823333 0.793333 0.353333