4 0.416016 0.458984 0.832031 0.207031
4 0.357422 0.689453 0.355469 0.449219
4 0.720703 0.683594 0.339844 0.453125
4 0.732422 0.421875 0.113281 0.070312
4 0.595703 0.396484 0.097656 0.066406
4 0.476562 0.382812 0.09375 0.054688
4 0.373047 0.365234 0.074219 0.042969
4 0.277344 0.351562 0.078125 0.03125
4 0.208984 0.341797 0.058594 0.035156
4 0.123047 0.607422 0.175781 0.371094
4 0.947266 0.435547 0.105469 0.152344
4 0.472656 0.333984 0.132812 0.058594
4 0.632812 0.333984 0.070312 0.066406
4 0.083984 0.324219 0.082031 0.0625