4 0.106934 0.301491 0.165039 0.47561
4 0.440918 0.292683 0.208008 0.417344
4 0.881348 0.957995 0.235352 0.084011
0 0.493652 0.859079 0.493164 0.084011
0 0.542969 0.95935 0.455078 0.081301
4 0.663086 0.547425 0.238281 0.054201
4 0.603027 0.603659 0.114258 0.047425
4 0.724609 0.602304 0.115234 0.044715
4 0.604004 0.653117 0.118164 0.04878
4 0.725586 0.654472 0.117188 0.04878
4 0.604492 0.711382 0.119141 0.054201
4 0.726562 0.711382 0.117188 0.054201
4 0.435547 0.548103 0.158203 0.050136
4 0.431152 0.600949 0.168945 0.044715
4 0.430176 0.653117 0.170898 0.04878
4 0.430176 0.714092 0.170898 0.059621
4 0.268066 0.683604 0.196289 0.383469