4 0.167083 0.764444 0.1725 0.324444
4 0.391667 0.764444 0.166667 0.466667
4 0.582083 0.775556 0.1725 0.446667
4 0.381667 0.3 0.095 0.311111
4 0.95875 0.236667 0.080833 0.38
0 0.807083 0.829444 0.100833 0.085556
4 0.406667 0.489444 0.066667 0.05
4 0.222083 0.268333 0.069167 0.267778
4 0.074167 0.258333 0.068333 0.332222
4 0.507917 0.547778 0.5325 0.095556
4 0.1675 0.938889 0.331667 0.122222
4 0.550417 0.238889 0.195833 0.348889
4 0.1525 0.218333 0.301667 0.434444
4 0.942917 0.535556 0.114167 0.042222
4 0.9425 0.675556 0.113333 0.248889
4 0.169167 0.608333 0.335 0.418889
4 0.5025 0.772222 0.516667 0.455556