4 0.5 0.748047 1.0 0.042969
4 0.498047 0.857422 0.996094 0.105469
4 0.519531 0.673828 0.140625 0.089844
4 0.117188 0.677734 0.234375 0.097656
4 0.900391 0.669922 0.191406 0.089844
4 0.046875 0.777344 0.09375 0.070312
4 0.234375 0.773438 0.148438 0.0625
4 0.414062 0.771484 0.140625 0.066406
4 0.632812 0.771484 0.164062 0.066406
4 0.837891 0.767578 0.160156 0.074219
4 0.353516 0.941406 0.285156 0.109375
4 0.714844 0.935547 0.304688 0.113281
4 0.349609 0.644531 0.214844 0.046875
4 0.087891 0.636719 0.175781 0.03125
4 0.326172 0.615234 0.214844 0.011719
4 0.685547 0.613281 0.253906 0.015625
4 0.716797 0.621094 0.207031 0.015625
4 0.923828 0.630859 0.136719 0.035156
0 0.501953 0.693359 0.972656 0.058594